$ 1 5.0E-6 10.20027730826997 50 5.0 50
r 304 272 304 368 0 10000.0
r 368 272 368 400 0 10000.0
w 256 272 304 272 0
w 304 272 368 272 0
w 256 368 304 368 0
w 304 368 512 368 0
w 256 400 368 400 0
w 368 400 640 400 0
f 576 320 576 368 0 1.5
f 688 352 688 400 0 1.5
w 368 272 576 272 0
w 576 272 576 320 0
w 576 272 688 272 0
w 688 272 688 352 0
w 512 368 560 368 0
w 592 368 848 368 0
w 640 400 672 400 0
w 704 400 848 400 0
r 848 368 848 272 0 10000.0
r 896 272 896 400 0 10000.0
w 848 272 896 272 0
w 896 272 992 272 0
w 848 400 896 400 0
w 896 400 992 400 0
w 848 368 992 368 0
R 256 272 256 240 0 0 40.0 3.3 0.0 0.0 0.5
R 992 272 992 240 0 0 40.0 5.0 0.0 0.0 0.5
o 4 64 0 35 5.0 0.0015625 0 -1
o 24 64 0 35 5.0 0.0015625 1 -1

